Matrice A
 3.333333333333332e-01 3.333333333333332e-01 3.333333333333331e-01 0.000000000000000e+00 0.000000000000000e+00 0.000000000000000e+00 0.000000000000000e+00 0.000000000000000e+00
 0.000000000000000e+00 3.333333333333334e-01 3.333333333333334e-01 3.333333333333334e-01 0.000000000000000e+00 0.000000000000000e+00 0.000000000000000e+00 0.000000000000000e+00
 0.000000000000000e+00 0.000000000000000e+00 3.333333333333333e-01 3.333333333333333e-01 3.333333333333333e-01 0.000000000000000e+00 0.000000000000000e+00 0.000000000000000e+00
 0.000000000000000e+00 0.000000000000000e+00 0.000000000000000e+00 3.333333333333333e-01 3.333333333333334e-01 3.333333333333333e-01 0.000000000000000e+00 0.000000000000000e+00
 0.000000000000000e+00 0.000000000000000e+00 0.000000000000000e+00 0.000000000000000e+00 3.333333333333333e-01 3.333333333333333e-01 3.333333333333334e-01 0.000000000000000e+00
 0.000000000000000e+00 0.000000000000000e+00 0.000000000000000e+00 0.000000000000000e+00 0.000000000000000e+00 3.333333333333334e-01 3.333333333333334e-01 3.333333333333334e-01
 0.000000000000000e+00 0.000000000000000e+00 0.000000000000000e+00 0.000000000000000e+00 0.000000000000000e+00 0.000000000000000e+00 5.000000000000000e-01 5.000000000000000e-01
 0.000000000000000e+00 0.000000000000000e+00 0.000000000000000e+00 0.000000000000000e+00 0.000000000000000e+00 0.000000000000000e+00 0.000000000000000e+00 1.000000000000000e+00

Matrice B
 0.000000000000000e+00 9.483649833652817e-04 0.000000000000000e+00 0.000000000000000e+00 0.000000000000000e+00 2.469135974547466e-01 5.575337938655387e-07 3.763353108592386e-06 7.489712456127314e-01 1.254451036197462e-06 3.048316017959834e-04 0.000000000000000e+00 1.016105339319945e-04 2.754774475489627e-03
 0.000000000000000e+00 1.158362508673152e-02 0.000000000000000e+00 0.000000000000000e+00 0.000000000000000e+00 5.925938728580551e-01 1.477467642761704e-05 8.279394149060869e-05 3.621407000799226e-01 3.010688781476680e-05 4.267651347743194e-03 0.000000000000000e+00 1.625771941997407e-03 2.766070317981700e-02
 0.000000000000000e+00 2.763839267793344e-02 0.000000000000000e+00 0.000000000000000e+00 0.000000000000000e+00 4.938330456424873e-01 7.025009032154466e-05 3.311789972301391e-04 4.060405041949339e-01 1.304644534542972e-04 1.138051463209024e-02 0.000000000000000e+00 4.877363413752958e-03 5.569828589779614e-02
 0.000000000000000e+00 8.162028162228890e-02 0.000000000000000e+00 0.000000000000000e+00 0.000000000000000e+00 2.765659343416602e-01 4.175155815610664e-04 1.656011321095576e-03 4.477734175055452e-01 7.065648303341125e-04 3.755833676244767e-02 0.000000000000000e+00 1.821010267270190e-02 1.354918353623654e-01
 0.000000000000000e+00 1.401581040654027e-01 0.000000000000000e+00 0.000000000000000e+00 0.000000000000000e+00 2.155596157461574e-01 1.447431584672922e-03 4.818687747208719e-03 3.353149578273559e-01 2.228643083084032e-03 7.140966694471466e-02 0.000000000000000e+00 3.932706295506025e-02 1.897358300463434e-01
 0.000000000000000e+00 2.213826366559486e-01 0.000000000000000e+00 0.000000000000000e+00 0.000000000000000e+00 1.130167661920074e-01 4.702572347266880e-03 1.307418465778594e-02 2.009186954524575e-01 6.568672485071195e-03 1.237138263665595e-01 0.000000000000000e+00 7.813504823151124e-02 2.384875976113918e-01
 0.000000000000000e+00 2.721009971997173e-01 0.000000000000000e+00 0.000000000000000e+00 0.000000000000000e+00 2.784102205841397e-02 2.293868623062055e-02 4.067394343598704e-02 9.744357720444886e-02 2.480245495928869e-02 1.629859833002984e-01 0.000000000000000e+00 1.304152814400371e-01 2.207980541711882e-01
 0.000000000000000e+00 1.577187938685282e-01 0.000000000000000e+00 0.000000000000000e+00 0.000000000000000e+00 0.000000000000000e+00 2.673052392599459e-01 1.261128736088289e-01 7.565536249591372e-03 1.303805998790055e-01 7.302844018702782e-02 0.000000000000000e+00 9.331282077117314e-02 1.445756961758993e-01
